W_inp_res_in
[[-0.08106095 -0.02301024 -0.05697991]
 [ 0.03518427 -0.05408205  0.0869586 ]
 [ 0.07569518 -0.14278966 -0.03677869]]
W_inp_res_hid
[[ 0.04063239 -0.13755495 -0.0109121 ]
 [ 0.05895244 -0.19599227  0.05328449]
 [ 0.02169447  0.0039424   0.03584282]]
b_inp_res
[ 0.  0.  0.]
W_inp_upd_in
[[-0.16851587  0.08715573  0.14216719]
 [-0.04859675  0.10058098 -0.07599233]
 [ 0.0336464   0.00892249  0.11008625]]
W_inp_upd_hid
[[ 0.07262844  0.11952549  0.03370693]
 [-0.05891962  0.15100099  0.03362506]
 [ 0.03370651  0.09781845  0.05461918]]
b_inp_upd
[ 0.  0.  0.]
W_inp_hid_in
[[ 0.17386651 -0.0836444   0.00852101]
 [ 0.10583539 -0.14789369 -0.0272937 ]
 [ 0.06943967 -0.03842468 -0.05962814]]
W_inp_hid_hid
[[ 0.04148316  0.04018918  0.02980918]
 [-0.06870175  0.08585119  0.04184767]
 [-0.0733833   0.08660098 -0.03650625]]
b_inp_hid
[ 0.  0.  0.]
W_mem_res_in
[[ 0.08070307  0.03300861  0.03246425]
 [ 0.11759239  0.00432511  0.03710141]
 [ 0.04857384  0.01961633 -0.06918315]]
W_mem_res_hid
[[-0.0377794   0.17188169 -0.07757037]
 [-0.23214474  0.15266144  0.23577256]
 [-0.10034171 -0.11060751  0.13858568]]
b_mem_res
[ 0.  0.  0.]
W_mem_upd_in
[[-0.25459482 -0.04239813 -0.09151473]
 [ 0.09190634  0.00880264  0.05841268]
 [-0.04813685  0.12423523  0.02384474]]
W_mem_upd_hid
[[-0.02189219  0.0871968  -0.04288629]
 [ 0.06022923  0.15933342  0.04969014]
 [ 0.05685532  0.12071548  0.0562165 ]]
b_mem_upd
[ 0.  0.  0.]
W_mem_hid_in
[[-0.05833164 -0.07557275 -0.1256334 ]
 [-0.00776061  0.04357356  0.05126014]
 [ 0.0205152   0.20859025 -0.33598096]]
W_mem_hid_hid
[[ 0.02931137 -0.0022764  -0.0174079 ]
 [-0.17964085 -0.05447914  0.05427348]
 [ 0.07524258  0.0241728  -0.01234172]]
b_mem_hid
[ 0.  0.  0.]
W_b
[[ 0.12585445 -0.06673673 -0.02352172]
 [-0.04576617  0.06054517 -0.00292628]
 [-0.00174592  0.09744948 -0.05100102]]
W_1
[[  8.71049391e-02  -1.77639200e-01   1.28230032e-01   3.29652742e-02
    3.44667149e-02  -4.19231458e-02   6.42715236e-02  -1.22660440e-02
   -2.20863641e-01   7.15346547e-02  -1.27836290e-01  -8.89314911e-02
    1.73702765e-02  -1.24879105e-01  -1.04291038e-01  -6.03848603e-02
   -3.78609147e-02  -3.22458920e-02  -7.64459997e-02  -2.50584718e-01
    1.11111887e-01  -1.46810177e-01  -1.66851846e-02]
 [ -1.41136896e-01   2.54962551e-02   7.55536721e-02   4.62829769e-03
   -2.88322420e-02   1.65647955e-01  -7.90063406e-02   4.20504858e-02
   -1.17763040e-01  -5.55925151e-02  -6.99106170e-02   1.99464705e-02
   -9.47998698e-02  -1.46355403e-01  -1.65405072e-02   1.44213958e-02
    2.27445427e-01   1.43288168e-01  -9.50940291e-02   5.92420730e-02
   -7.30670378e-02  -3.61073204e-02   8.62452150e-02]
 [  4.95547833e-03   1.35087605e-04  -4.46887656e-02   2.09921566e-01
    1.34201680e-01  -9.56895156e-03   1.71753085e-01  -4.92045519e-02
    1.35185420e-01  -1.16230636e-01  -1.07335916e-02  -6.33759004e-02
   -8.12806978e-02   1.32462910e-01   1.73902412e-01  -1.02629443e-01
   -6.94987822e-02  -1.03468728e-01   5.58787867e-02   9.64880947e-02
   -1.90285865e-02  -1.57358818e-01  -7.06960224e-02]]
W_2
[[-0.1032067   0.03252705  0.06731425]]
b_1
[ 0.  0.  0.]
b_2
[ 0.]
W_a
[[  2.15449468e-01   7.91530059e-02  -3.36255396e-02]
 [  1.98906137e-03   1.67946531e-01  -1.19386542e-01]
 [  1.40842055e-02  -2.37515301e-03  -1.52928140e-01]
 [  1.88527506e-01   4.98582730e-02  -1.97799825e-01]
 [  2.96849613e-02   3.09411113e-02  -2.25649134e-01]
 [  6.71280031e-02  -8.09017366e-02   1.12707773e-01]
 [ -1.37677459e-01   7.72121451e-02  -3.68994477e-02]
 [ -6.77410344e-02   6.29363158e-02   4.59600055e-02]
 [ -1.16333872e-01   6.73256843e-02   7.55595180e-02]
 [ -1.25887839e-01   1.28903041e-02  -8.22848183e-02]
 [  5.53697026e-02  -1.28520792e-01   9.65266250e-02]
 [ -1.22783548e-05   2.14727887e-01   1.24303078e-03]
 [ -2.52981676e-01  -1.53227747e-02   1.07207588e-01]
 [ -1.47236288e-01  -1.46787464e-01  -5.68163884e-03]
 [  4.46246700e-02  -8.09410384e-02   6.00753987e-02]
 [ -1.50566001e-01   2.03739886e-01   7.57419060e-03]
 [ -3.31767682e-02   7.16530771e-02   2.13555193e-01]
 [ -7.89856949e-02  -2.55164116e-02  -1.08148905e-01]
 [ -3.60715273e-02   6.29514979e-02   1.35408923e-02]
 [  1.21874996e-01   2.45408791e-02  -5.59468440e-03]]
