W_inp_res_in
[[-0.07821954 -0.0209199  -0.05353645]
 [ 0.05040178 -0.04393625  0.10800832]
 [ 0.08430691 -0.13606547 -0.02618675]]
W_inp_res_hid
[[ 0.03795644 -0.1345278  -0.00752005]
 [ 0.04671835 -0.18139797  0.07089654]
 [ 0.01446639  0.01227059  0.04568906]]
b_inp_res
[ 0.00534872  0.02906982  0.01668677]
W_inp_upd_in
[[-0.1777008   0.06301307  0.12495125]
 [-0.07234075  0.08027303 -0.10245055]
 [-0.01136766 -0.04780025  0.058844  ]]
W_inp_upd_hid
[[ 0.07677013  0.1155829   0.02893681]
 [-0.04988807  0.14259184  0.02184385]
 [ 0.0498573   0.08330006  0.03400573]]
b_inp_upd
[-0.02767955 -0.03549144 -0.0785747 ]
W_inp_hid_in
[[-0.06865818 -0.31900683 -0.27494954]
 [ 0.36202054  0.10273012  0.26814763]
 [ 0.40405964  0.28434939  0.29618561]]
W_inp_hid_hid
[[ 0.11886399 -0.04030794 -0.07482574]
 [-0.16457072  0.18426468  0.17169919]
 [-0.16122365  0.17402677  0.11077022]]
b_inp_hid
[-0.38400337  0.36579144  0.42246493]
W_mem_res_in
[[-0.06674645  0.19005392  0.18238922]
 [ 0.00593288  0.12959787  0.15219922]
 [-0.09853234  0.17702554  0.07728424]]
W_mem_res_hid
[[-0.20992907  0.35102611  0.10172976]
 [-0.36766266  0.30189071  0.38420845]
 [-0.27181314  0.07406596  0.32640121]]
b_mem_res
[ 0.19803702  0.20233834  0.23574199]
W_mem_upd_in
[[-0.06158916 -0.24731938 -0.3025917 ]
 [ 0.2786805  -0.20195423 -0.17159563]
 [ 0.16537113 -0.09320606 -0.20821852]]
W_mem_upd_hid
[[ 0.14786861 -0.09008717 -0.22023846]
 [ 0.2152605  -0.01086126 -0.12389151]
 [ 0.24693687 -0.06889144 -0.13423879]]
b_mem_upd
[-0.26568134 -0.39705644 -0.26474086]
W_mem_hid_in
[[ 0.51074787 -0.74789205 -0.74650865]
 [-0.55080828  0.69768229  0.71801375]
 [-0.66732849  1.0763131   0.18475623]]
W_mem_hid_hid
[[ 0.50227566 -0.55550528 -0.57677737]
 [-0.64716865  0.51520188  0.6080964 ]
 [-0.45592675  0.68797206  0.69494966]]
b_mem_hid
[-0.31479538  0.41459747  0.44620531]
W_b
[[ 0.12638886 -0.0673132  -0.02405544]
 [-0.04643582  0.06127352 -0.0022383 ]
 [-0.00249867  0.09827072 -0.05019857]]
W_1
[[ 0.12048502 -0.21921029  0.07958539  0.08302203 -0.02321423 -0.09862911
   0.09465642 -0.04593477 -0.26364668  0.05667534 -0.14839071 -0.11736071
  -0.00814989 -0.16024345 -0.1432415  -0.06416474 -0.04673306 -0.03894991
  -0.09546217 -0.27081372  0.09918947 -0.15321125 -0.02827167]
 [-0.16644768  0.0565782   0.11059018 -0.03427954  0.01455447  0.20819952
  -0.10164375  0.06703519 -0.0873025  -0.04369313 -0.05397682  0.04096612
  -0.07397011 -0.11875024  0.01335524  0.01734626  0.23375846  0.14807045
  -0.08075334  0.07290029 -0.06417405 -0.0310632   0.09530833]
 [-0.02573513  0.03806023 -0.0011618   0.16311207  0.18715993  0.04240582
   0.14411376 -0.01867294  0.17318661 -0.10211238  0.00838136 -0.03762219
  -0.05669702  0.1655843   0.21003736 -0.09909035 -0.0616351  -0.09751107
   0.07331941  0.11388509 -0.00817038 -0.15134614 -0.05983955]]
W_2
[[-0.32768993  0.16294571  0.15850954]]
b_1
[-0.07375759  0.05153754  0.06525315]
b_2
[ 0.36133424]
W_a
[[ 2.03933912 -1.9511066  -2.06978577]
 [ 1.88197676 -1.93823915 -2.23257203]
 [ 1.83788702 -2.03292245 -2.18917697]
 [ 1.96775554 -1.92247963 -2.17535245]
 [ 0.05741783  0.01347756 -0.25719957]
 [ 1.92700716 -2.15816242 -1.97058629]
 [ 1.77637497 -2.07523921 -2.19666323]
 [ 1.84634483 -2.08892573 -2.11318083]
 [ 0.0121929  -0.02348702 -0.03002783]
 [ 1.75692578 -2.09683444 -2.19862375]
 [ 1.90165983 -2.18756552 -1.96823412]
 [ 1.92378364 -1.95096578 -2.17234347]
 [ 1.70387203 -2.22671457 -2.11195986]
 [ 1.72004742 -2.23480014 -2.0996394 ]
 [ 0.08009032 -0.10472704  0.04059661]
 [ 0.02308077  0.05635624 -0.12899657]
 [ 1.91757269 -2.1300564  -1.99611053]
 [ 1.775002   -2.09621208 -2.18491828]
 [ 0.10718183 -0.0272701  -0.08007792]
 [ 0.12528164  0.01772735  0.00302458]]
