W_inp_res_in
[[-0.00174445  0.10908441 -0.0126362  ...,  0.08655047 -0.02485594
  -0.1752229 ]
 [-0.22487452 -0.11281506  0.1022368  ..., -0.02470345 -0.05492935
  -0.0220664 ]
 [ 0.05444651 -0.01011432  0.07574502 ..., -0.10322443 -0.17773355
  -0.05883876]
 ..., 
 [ 0.16379952 -0.20038745 -0.08078726 ..., -0.06681067  0.09309375
  -0.01204003]
 [-0.056985    0.03849562  0.08624792 ...,  0.11237953  0.16994726
   0.11071444]
 [-0.17561675  0.17722201 -0.16105758 ...,  0.03729559 -0.16950827
   0.01012908]]
W_inp_res_hid
[[-0.0006131  -0.0065716  -0.02429169 ...,  0.07084295  0.02367358
   0.23396588]
 [-0.00984012 -0.0253605  -0.04333922 ...,  0.10459164  0.04292791
   0.04037248]
 [ 0.07329681  0.07622215  0.03729426 ..., -0.00330247  0.11625159
  -0.00806946]
 ..., 
 [-0.02567833 -0.09271379  0.05937033 ...,  0.05392555  0.01112374
   0.0415813 ]
 [ 0.02611544  0.11279625  0.03013527 ..., -0.01537161  0.10052758
   0.10301108]
 [-0.1683384  -0.02977885 -0.01775731 ...,  0.12011982 -0.15214918
   0.10028739]]
b_inp_res
[ 0.  0.  0.  0.  0.  0.  0.  0.  0.  0.  0.  0.  0.  0.  0.  0.  0.  0.
  0.  0.  0.  0.  0.  0.  0.  0.  0.  0.  0.  0.  0.  0.  0.  0.  0.  0.
  0.  0.  0.  0.]
W_inp_upd_in
[[ 0.05335614 -0.16648021  0.07624351 ..., -0.07047718  0.04383012
   0.11154977]
 [-0.10447546  0.125016   -0.02431313 ...,  0.05077998 -0.01249399
  -0.22135381]
 [ 0.07207776 -0.22586266 -0.09845751 ..., -0.05074761 -0.0702782
  -0.04629165]
 ..., 
 [ 0.07174645  0.12496254 -0.00750196 ...,  0.02202628 -0.03215047
  -0.15210725]
 [ 0.00423665  0.11636853 -0.02353158 ...,  0.05175416 -0.13072816
  -0.03672817]
 [ 0.00780864  0.13948732  0.00625854 ..., -0.00422313  0.20512295
   0.03508096]]
W_inp_upd_hid
[[ 0.11263595  0.00633865  0.09737181 ...,  0.01123745 -0.13680428
  -0.1278137 ]
 [-0.04785695 -0.15164867  0.0648983  ..., -0.17187239 -0.03922063
   0.02838188]
 [-0.13978779 -0.03192304  0.06250081 ..., -0.01736851  0.23683663
  -0.02545403]
 ..., 
 [ 0.01026023 -0.05211844 -0.01821265 ..., -0.00923226 -0.19583371
  -0.03684542]
 [ 0.10803041 -0.0276917   0.24183813 ..., -0.10272459  0.16493047
  -0.09248104]
 [ 0.00193129 -0.07588448 -0.00027711 ...,  0.2652921  -0.0434874
  -0.10199575]]
b_inp_upd
[ 0.  0.  0.  0.  0.  0.  0.  0.  0.  0.  0.  0.  0.  0.  0.  0.  0.  0.
  0.  0.  0.  0.  0.  0.  0.  0.  0.  0.  0.  0.  0.  0.  0.  0.  0.  0.
  0.  0.  0.  0.]
W_inp_hid_in
[[-0.06671168 -0.08036638  0.13671229 ..., -0.17709744 -0.04580367
  -0.2140535 ]
 [-0.09178988  0.16658506 -0.16012476 ...,  0.01523072 -0.03936137
   0.17785397]
 [-0.12183211 -0.09179679  0.09845748 ..., -0.14202186  0.036868
   0.09398087]
 ..., 
 [ 0.01094728  0.1912727  -0.05537966 ...,  0.01767048 -0.01584214
  -0.01963282]
 [-0.1733952  -0.26633509  0.09985669 ...,  0.0489681   0.03749702
   0.03821768]
 [ 0.0502435  -0.20485613 -0.20350393 ..., -0.09513397 -0.06038044
   0.02226208]]
W_inp_hid_hid
[[ 0.06116216 -0.00372872 -0.03023481 ..., -0.00026588 -0.06889111
  -0.06477496]
 [ 0.05412479 -0.01986618 -0.02355014 ...,  0.15502816  0.15177093
   0.08884051]
 [-0.06620905  0.10621575  0.04932673 ..., -0.03789007 -0.04365026
  -0.09425009]
 ..., 
 [ 0.018554   -0.03426076  0.03130511 ...,  0.18949993  0.03289048
  -0.0757003 ]
 [ 0.06005571  0.01738118  0.17281407 ...,  0.05727354 -0.11474619
  -0.0890678 ]
 [-0.08515497  0.04821438  0.00544811 ...,  0.03588724  0.03454449
  -0.06442712]]
b_inp_hid
[ 0.  0.  0.  0.  0.  0.  0.  0.  0.  0.  0.  0.  0.  0.  0.  0.  0.  0.
  0.  0.  0.  0.  0.  0.  0.  0.  0.  0.  0.  0.  0.  0.  0.  0.  0.  0.
  0.  0.  0.  0.]
W_mem_res_in
[[-0.00216662  0.17908195 -0.00099452 ..., -0.04253174 -0.05355291
  -0.18175605]
 [-0.09293608 -0.03873988  0.09502588 ..., -0.00565821 -0.2202807
  -0.07884233]
 [-0.02683853 -0.0273088  -0.10094481 ...,  0.08090409 -0.01950901
   0.13343808]
 ..., 
 [-0.19906705 -0.00093098  0.29561246 ...,  0.13239281  0.02494771
  -0.02147368]
 [-0.02217636  0.0040483   0.09457891 ...,  0.01902017  0.04010179
  -0.08156595]
 [-0.06300049  0.02266063 -0.06419465 ...,  0.05987421 -0.00215378
   0.14062171]]
W_mem_res_hid
[[ 0.12792048  0.04537124  0.02397384 ...,  0.14242109  0.07774435
   0.12479522]
 [-0.00168934  0.18477271  0.00935875 ..., -0.1715837   0.10585079
  -0.13233996]
 [ 0.04810702  0.04647216  0.2169702  ..., -0.01253434  0.15955371
  -0.11873729]
 ..., 
 [ 0.29839491 -0.02820346  0.12391685 ...,  0.09368643 -0.03682337
  -0.09685251]
 [ 0.03500576  0.02380639 -0.06175473 ...,  0.1854554  -0.12774592
  -0.1941745 ]
 [ 0.08323837 -0.21456008 -0.02170275 ...,  0.11234007  0.05153455
  -0.05435478]]
b_mem_res
[ 0.  0.  0.  0.  0.  0.  0.  0.  0.  0.  0.  0.  0.  0.  0.  0.  0.  0.
  0.  0.  0.  0.  0.  0.  0.  0.  0.  0.  0.  0.  0.  0.  0.  0.  0.  0.
  0.  0.  0.  0.]
W_mem_upd_in
[[-0.0739202   0.00983163 -0.00655056 ..., -0.17184746  0.14027607
   0.00632918]
 [ 0.03100268 -0.02346396 -0.04647653 ...,  0.19437802  0.0534053
   0.06690908]
 [ 0.02904289 -0.03317623  0.01065631 ...,  0.01297777  0.11687279
   0.01050797]
 ..., 
 [ 0.11522187 -0.09377364 -0.03443405 ..., -0.03746986  0.09156222
  -0.01672274]
 [ 0.0357008   0.2351594   0.04987611 ..., -0.03083939 -0.05494851
   0.19958668]
 [-0.11683403 -0.15657149  0.05327393 ...,  0.08185664 -0.04269431
  -0.11516194]]
W_mem_upd_hid
[[-0.17230966  0.14098836  0.04920779 ..., -0.18259978 -0.2528542
   0.17985059]
 [-0.05921477 -0.14770404 -0.01417756 ...,  0.03721824 -0.08059909
  -0.13494815]
 [-0.29077617 -0.05675845  0.06030231 ..., -0.03462853 -0.14099065
  -0.05012671]
 ..., 
 [ 0.06474348  0.09048301  0.16515291 ...,  0.02465076  0.12911199
  -0.13562021]
 [-0.0248619   0.09470391 -0.16136702 ...,  0.0143511   0.08605663
   0.07751218]
 [ 0.03949847 -0.07227422  0.14994979 ..., -0.1624368   0.11654783
   0.03280262]]
b_mem_upd
[ 0.  0.  0.  0.  0.  0.  0.  0.  0.  0.  0.  0.  0.  0.  0.  0.  0.  0.
  0.  0.  0.  0.  0.  0.  0.  0.  0.  0.  0.  0.  0.  0.  0.  0.  0.  0.
  0.  0.  0.  0.]
W_mem_hid_in
[[-0.11152228  0.02512136 -0.08493167 ..., -0.09451752 -0.19423233
  -0.01892851]
 [ 0.02926377 -0.02671878  0.02793644 ...,  0.14251674  0.03692884
  -0.0484251 ]
 [ 0.07859036  0.10638636  0.0767604  ...,  0.09949678  0.0780443
   0.05692059]
 ..., 
 [ 0.17844026 -0.01518643  0.04727205 ..., -0.03018713 -0.02437672
   0.06893116]
 [ 0.01174224  0.0880621  -0.04080653 ..., -0.09006632 -0.02917583
   0.1374898 ]
 [-0.16081363  0.06930129  0.08282298 ..., -0.08876519 -0.15825541
  -0.13659266]]
W_mem_hid_hid
[[-0.1121725   0.05836577 -0.018309   ..., -0.02883244  0.0150075
   0.13887626]
 [-0.02702811  0.11664536 -0.1792693  ..., -0.06132601 -0.09510609
  -0.10989857]
 [ 0.04641583  0.18523192  0.16968546 ...,  0.10203788  0.10093056
   0.09860239]
 ..., 
 [ 0.00438013  0.00522566 -0.2661286  ..., -0.13094103 -0.07481565
  -0.06236926]
 [ 0.09069211 -0.06884853 -0.01189236 ..., -0.03847816  0.03008556
  -0.24112428]
 [ 0.01652251 -0.05465942 -0.16617566 ...,  0.25940014  0.09609741
  -0.17638356]]
b_mem_hid
[ 0.  0.  0.  0.  0.  0.  0.  0.  0.  0.  0.  0.  0.  0.  0.  0.  0.  0.
  0.  0.  0.  0.  0.  0.  0.  0.  0.  0.  0.  0.  0.  0.  0.  0.  0.  0.
  0.  0.  0.  0.]
W_b
[[ 0.09540268  0.00477347 -0.0064119  ...,  0.08434692 -0.19004105
   0.01239148]
 [-0.00547309  0.01897692  0.04475788 ..., -0.01671787 -0.06875088
   0.05786625]
 [ 0.06326884 -0.04765689 -0.00807594 ..., -0.07784286 -0.04939606
  -0.06836619]
 ..., 
 [-0.16971318 -0.03531888 -0.01899576 ..., -0.00457362  0.17166703
   0.02005333]
 [ 0.00848769  0.01831492 -0.04705743 ...,  0.0791361   0.16513764
  -0.03597112]
 [-0.0022341   0.05591763 -0.15162112 ..., -0.12487262 -0.11487293
   0.02588246]]
W_1
[[ 0.02152391  0.09220141  0.13791186 ..., -0.08312494  0.11361373
   0.15154147]
 [-0.0684324  -0.00069346 -0.21801461 ...,  0.14694391  0.03421617
   0.07407371]
 [ 0.03615272  0.18070075 -0.07790905 ...,  0.17697534 -0.07236827
   0.08934367]
 ..., 
 [ 0.00853536  0.08341095  0.04429122 ...,  0.17589144 -0.06101408
   0.14723268]
 [ 0.15007461  0.0582573   0.00588241 ...,  0.02451798  0.10687313
   0.16194811]
 [-0.08331002  0.069109   -0.16585501 ...,  0.0217423  -0.07451315
  -0.01549971]]
W_2
[[ 0.10224152  0.05674356 -0.0482834   0.02171753 -0.08610558 -0.13432421
  -0.07506058 -0.16704334  0.07093658  0.03327394  0.0161912  -0.03456327
   0.07628209  0.07186771 -0.06706682  0.05607929 -0.09165299 -0.09159916
   0.03631515 -0.1424934  -0.01773678  0.17934516 -0.17832911  0.01341946
  -0.05203523  0.03994281 -0.00347847  0.08608304 -0.07033785 -0.13720439
   0.00469641 -0.11143745  0.02477312  0.04461702  0.01924777  0.0953161
  -0.06939691  0.00966613 -0.03057377  0.16186746]]
b_1
[ 0.  0.  0.  0.  0.  0.  0.  0.  0.  0.  0.  0.  0.  0.  0.  0.  0.  0.
  0.  0.  0.  0.  0.  0.  0.  0.  0.  0.  0.  0.  0.  0.  0.  0.  0.  0.
  0.  0.  0.  0.]
b_2
[ 0.]
W_a
[[ -8.78688470e-02   6.00449496e-02  -7.35199960e-02  -8.56638437e-03
   -1.17703026e-01  -1.69693937e-02  -9.10416996e-02   7.72161984e-02
   -3.65745192e-02   4.95806721e-02   1.07034111e-02   1.37172579e-01
    8.30366046e-02  -1.20873583e-01   1.61255860e-02  -5.54633092e-02
    1.39945405e-02   1.65312136e-02   1.36491924e-02   4.83826748e-02
    1.66151839e-02   2.18009870e-02  -1.14079530e-01   1.51209256e-01
    2.36915884e-02  -8.38280402e-02   5.94841295e-03   3.84417044e-02
    6.13849622e-02  -1.98325605e-01   1.31018494e-01   1.28665767e-01
    4.52113299e-02  -6.71792022e-02  -9.16853935e-03  -6.43686499e-02
   -1.04213210e-01   7.82954716e-02   1.44125763e-01   4.33682655e-02]
 [ -2.18250898e-02   1.30733451e-02  -1.10460872e-01   5.32592508e-02
    4.82316696e-04   8.37102895e-02   8.09384440e-02   2.19032842e-01
   -2.24041529e-01  -1.16154374e-01  -5.04461234e-02   3.52321125e-02
    1.01176675e-02  -1.53776071e-01  -5.95266688e-02   8.62679770e-02
    4.13272025e-02   2.42374011e-02  -1.00157872e-02   1.13527759e-01
   -6.30313856e-02  -5.96465588e-02   2.47453252e-02  -1.61338547e-02
   -2.19498438e-01   3.54186894e-02   3.13768888e-03  -1.83687460e-01
   -1.06174270e-01  -1.28302690e-01   1.25851481e-01  -3.42124243e-02
    4.20638316e-02   2.18387812e-01   2.02938594e-01  -9.67271307e-03
    2.23982735e-02  -1.07496449e-02  -4.95440147e-02   3.91183431e-02]
 [ -4.17467989e-02  -1.62680717e-02  -1.44391448e-01  -2.48685734e-01
    9.53926618e-02   1.36181813e-02  -3.31437048e-03   9.69840049e-02
   -1.20184650e-01  -7.00534906e-02   4.40359416e-02  -2.48995689e-02
   -3.40749229e-02   6.32093825e-02  -3.63614954e-02  -1.17293200e-01
    9.44636013e-02   1.00154938e-01  -4.44906532e-03   7.07787481e-02
    9.18419291e-02   1.79527696e-01   2.02458704e-01  -7.36684509e-02
    9.85397545e-02   5.80471464e-02   5.08384051e-02   6.36487970e-02
    7.72857180e-02   2.01887899e-02  -1.56901174e-01  -1.22630044e-01
   -1.33048686e-01   9.88163066e-02   2.79578172e-01   7.43111266e-02
   -4.20308869e-02  -5.37475172e-02  -1.68274608e-01  -7.69908560e-03]
 [ -1.69700231e-01   4.16521375e-02   1.06062258e-02  -3.78876367e-02
   -2.32256879e-01  -3.82019701e-02  -1.19716849e-01   1.84192787e-02
   -4.08433935e-02  -8.16273674e-02  -1.55882957e-01  -7.20584101e-02
    8.98094336e-02  -4.16679068e-03   1.06255274e-01   1.72052357e-02
    8.07063751e-02  -5.48089583e-02   2.29110245e-02  -1.28506068e-01
   -5.72791209e-02  -7.97970340e-02  -1.45234794e-01   1.94201940e-02
    7.64678294e-02   2.05116806e-03  -1.91987016e-01  -6.18595072e-02
   -1.66777681e-01   6.06573007e-03   1.31487296e-01  -1.20560991e-01
    2.68356373e-02   1.43394601e-01  -5.74023553e-02  -1.45769830e-01
    7.72511836e-02   5.72962198e-02  -3.44496060e-02   1.31797905e-01]
 [  1.26182773e-01  -7.14953799e-02   8.48739252e-02   1.10161597e-01
   -1.24826161e-02   2.01022983e-01   1.30436773e-01   1.37207889e-01
    1.24800678e-01   5.28323381e-02   1.60374933e-01  -6.66915357e-02
    2.34879882e-02  -6.51386635e-02  -6.52387309e-02  -1.66784730e-01
    1.25498122e-01   6.72793190e-02   9.00233537e-02   4.19719797e-02
   -6.25342848e-02   7.63023114e-02   2.15127968e-01   3.54857027e-02
    3.28961063e-02   3.23160761e-03   2.84277981e-02   6.71611486e-02
    1.78481614e-01   8.42466803e-02   1.27646489e-01   7.01040272e-02
    1.05484955e-01   1.87431794e-01   1.15630542e-01   1.26127683e-01
   -5.86476828e-03   3.02597823e-02   4.22112077e-02  -7.00684670e-02]
 [  1.55132562e-01   2.48374438e-03   1.33702712e-01  -1.37824303e-01
    2.43222751e-02  -1.20826973e-01  -1.61797869e-01   2.38523057e-01
   -6.35527543e-02  -3.90137249e-02   1.09280296e-01   4.63792662e-02
   -7.42525327e-02   1.04038771e-02  -4.20310261e-02   2.01030007e-02
   -2.66394091e-03   9.83957981e-02  -9.45183372e-02  -8.85072040e-02
    8.82347449e-03   1.93758957e-02  -7.25056417e-02  -8.74316181e-02
   -1.44314065e-01  -4.72699904e-03  -9.47532842e-02  -5.30070652e-02
    8.96496281e-02  -7.04532131e-02   2.29130160e-02  -9.87985465e-02
    8.55405015e-02   9.22836823e-03   3.52376086e-02  -2.44698634e-01
    1.55679421e-02  -5.99575980e-02  -5.07718154e-03  -1.83952168e-01]
 [  9.13655267e-02  -1.13560857e-01   1.14487027e-01  -7.00212839e-02
    3.38273148e-02  -2.49079692e-01   2.14086590e-02   3.14052582e-02
   -2.41336128e-03   5.08157527e-02  -1.11149436e-01  -8.44773495e-02
    2.29158295e-02  -1.54200448e-01  -2.34860008e-03  -1.05620770e-01
   -1.64075225e-01  -2.51224922e-02  -3.86945154e-02  -1.93906829e-01
   -3.23129348e-02  -2.51099622e-01  -1.03439294e-02  -5.22384663e-02
   -1.11198127e-01  -5.39172525e-02   6.68038285e-02  -3.21211743e-02
    3.16333640e-02  -4.50934606e-02   2.33159341e-01   7.49188803e-02
   -3.84302437e-02   3.24868614e-02  -5.87537141e-02   1.05090827e-01
   -2.71836181e-02   2.12857988e-01  -1.30043437e-01  -2.94076115e-02]
 [ -6.44628338e-02   8.01095483e-02  -1.55841655e-01  -1.48089992e-01
   -3.14943103e-02  -1.76436359e-01   5.97501565e-02  -7.84087928e-02
    2.17224720e-02  -1.02398169e-02   3.05957582e-02   6.55742162e-02
   -6.95215367e-02   1.92615714e-01  -4.65135217e-02  -2.59472040e-02
    1.95630917e-02   8.68051338e-02   1.20056632e-01   1.06789633e-01
   -3.40835652e-02   3.41873850e-02   6.66707358e-02  -4.47816528e-02
    9.89833705e-02  -7.12269217e-02   1.64880149e-02   8.99306636e-02
    6.01054816e-02  -3.98616539e-02   2.65480790e-01   3.35022497e-02
   -2.85858036e-02  -7.81042972e-02  -2.56143696e-01  -7.31973231e-02
   -3.18614927e-02   1.63185013e-01  -1.54255272e-01  -5.21178191e-02]
 [  3.57949943e-02   3.04240350e-01  -7.39021463e-02  -2.18022367e-02
   -8.01408279e-02   6.56077386e-03  -4.66316592e-03   1.05360349e-01
   -4.41621822e-02  -8.69027921e-02  -8.51250147e-03   1.30335321e-02
    1.14422717e-03   1.15049460e-02   1.00805210e-01   7.52185485e-02
   -2.70602917e-01   8.12011417e-02   7.10527573e-03   1.91666216e-02
   -3.15197916e-03  -6.86593796e-02  -3.58779012e-02  -5.67934616e-02
   -2.91908591e-02  -6.69951611e-02   2.02230271e-01  -1.49048469e-01
    8.73809656e-02   1.16439022e-01   5.10702529e-03  -4.94320421e-02
    1.58401757e-02   7.01326350e-02   1.23230899e-01  -7.51390942e-02
   -1.65390588e-01  -4.08026828e-02   6.38575754e-02   2.64451742e-01]
 [ -8.76990243e-02   6.09917420e-02   4.93031597e-02   6.56590867e-02
    4.40290586e-02   1.47806960e-01  -6.87261417e-03   2.25227329e-02
    3.63468666e-02  -2.43307447e-02   3.37432251e-02  -2.04321285e-01
    7.96316483e-02  -1.12742531e-01   1.82006685e-02  -7.16073981e-02
   -9.68253885e-02   3.11175082e-02   1.04478424e-01   5.24701297e-02
   -2.01531045e-01   2.02598716e-01   3.81498227e-02   1.24078511e-01
   -1.93370001e-02   1.88881098e-02  -3.58999429e-02   7.46103822e-02
   -6.85428567e-03   1.94214710e-01  -7.72358708e-02   1.04977912e-01
    1.36294999e-01  -6.98265932e-02   7.86912688e-02   4.12996385e-02
    5.82697184e-02   3.12405937e-02   8.17688983e-02   1.46067428e-01]
 [ -5.38967744e-03   1.47645247e-01  -5.83267474e-03   3.20755861e-02
   -5.87545002e-02   4.85955130e-02  -6.11069453e-02   9.37975276e-02
   -4.16067211e-02  -1.01953475e-02  -4.89188672e-02  -1.28169273e-01
    1.16546162e-01   4.75233613e-03  -1.55311627e-01  -7.27085897e-02
    1.00323285e-01  -6.73826923e-02  -1.74734577e-01  -1.86127433e-01
    1.42957698e-01   8.25645778e-02   7.78552075e-02   2.16175882e-01
    1.20790454e-01   1.82891930e-01   1.22849336e-01  -9.13870390e-02
    4.34704977e-02  -2.13842912e-02  -8.68331102e-03  -1.93859226e-01
    1.81279292e-01   4.37116616e-03  -6.78802014e-02   7.70354000e-02
   -2.31448425e-01  -1.61349845e-01  -1.12485817e-01  -1.29176089e-01]
 [ -1.35441443e-01  -5.70245398e-03  -2.36823549e-01  -7.43252846e-02
    3.09352285e-02  -7.54251808e-02  -1.28126816e-01  -1.74909153e-01
   -3.66811751e-02  -1.06369527e-02  -2.91064064e-02   7.83834489e-02
   -1.41261396e-01  -1.39026764e-01  -1.30473694e-01   9.10134651e-02
   -1.18891207e-02   8.22185701e-02  -8.75152062e-02   4.81593404e-02
   -3.71321803e-02  -1.86062594e-01   2.81715393e-02  -4.83899265e-02
    5.83502878e-02   8.78227280e-02   1.60676620e-01  -1.06915019e-01
    5.77766287e-02   6.48590771e-02  -4.56580940e-02  -1.31273454e-02
   -2.78819507e-02   5.62185061e-03   1.65813981e-02   1.39721837e-01
   -4.94378414e-02   1.68428734e-01   7.56332898e-02  -1.43900606e-01]
 [ -9.58277829e-02   1.13610818e-01  -1.41646940e-02   8.37244648e-02
   -2.06580213e-01  -1.01355847e-01  -5.24140371e-03   2.83174998e-02
    1.87801563e-01   7.24156673e-02  -2.71517799e-02   4.37462163e-02
   -7.27087270e-02  -1.27455841e-01   6.61569839e-02   1.84132461e-02
   -2.30739081e-02  -6.52280676e-03  -2.12311171e-02  -2.84512243e-04
    2.67961147e-02  -9.03557025e-02   2.84379629e-02   7.06002840e-02
   -3.20025464e-02  -5.80468974e-02   9.94212319e-02  -2.73252001e-02
    7.90687345e-03   1.64756809e-02  -8.03789402e-02  -1.09405154e-01
    1.59788315e-01   1.21702837e-01  -5.09711588e-02   4.29918011e-02
    3.78446032e-02   1.68669932e-01  -7.48303700e-02   4.13333001e-02]
 [  8.30281928e-03  -4.15684609e-02  -4.99928291e-02   6.79371828e-04
   -1.07091206e-02   1.18923903e-01  -4.46132080e-02   5.40877559e-02
   -1.14962830e-01  -3.76298135e-02   1.53605773e-02  -5.19900526e-02
   -5.39592769e-02  -6.79676551e-02  -8.67836131e-02  -5.72322214e-02
   -7.57797840e-02   6.88275207e-02  -8.95652870e-02  -5.11696052e-02
   -1.68779844e-01  -8.72452422e-02  -3.39592246e-02  -8.48813609e-02
    4.84604146e-03  -3.85183559e-02  -2.06592614e-01   5.55786279e-02
    1.40136136e-02  -3.06658058e-02   1.70501492e-01   4.83241242e-03
    3.33862810e-02   1.30178346e-02  -9.05646521e-02   1.50245120e-01
    1.66426991e-01   5.36776542e-02   9.57089460e-02  -2.79710661e-02]
 [ -4.90143233e-02   1.25160336e-01  -4.48790901e-03   1.70056513e-02
   -1.27208800e-03   2.73346623e-02   4.09018039e-02   9.12417395e-02
    4.02719802e-02   2.70533942e-02  -3.11403676e-01   1.18006884e-02
    1.96980547e-02  -3.17550714e-02  -9.91572379e-02  -3.64692366e-02
    1.34962678e-01  -1.35620944e-01  -1.08524810e-01  -2.62567347e-03
    2.04724167e-03   1.16655930e-01  -1.75676050e-02   9.66304930e-02
   -1.88593052e-01  -1.68367541e-03  -5.24010822e-02   5.62009469e-02
    2.00671170e-01   2.46424203e-01   2.89525574e-02  -9.33384685e-02
   -1.40461335e-01  -1.41395280e-01  -2.78948646e-02  -1.80642021e-01
    1.27074279e-01  -5.08949490e-02   8.44819856e-02   5.34478626e-02]
 [ -1.33194180e-01  -2.30905894e-02  -9.76327403e-02  -1.30689894e-01
    9.36952108e-02   1.15924841e-01  -1.33759756e-01  -5.18727412e-02
    1.35059245e-01  -8.14421369e-02  -1.85724146e-01  -5.33306577e-02
    1.26522260e-02   1.58222937e-01   4.58352232e-02   5.86927544e-02
    7.07138138e-02   1.45781407e-01  -3.55586183e-02   3.80623151e-02
    4.18798045e-02  -1.04827661e-01   1.09101664e-01   2.59615059e-02
    7.32143393e-02   4.29912946e-02   9.05235590e-02   7.19369620e-02
   -2.19777028e-01  -1.17555937e-01  -1.07701530e-01  -2.42272558e-02
   -5.61630607e-02  -1.16552841e-01   4.29359578e-03  -2.06288680e-01
   -1.40984788e-02  -2.40899231e-02  -1.28704781e-01  -1.20505847e-01]
 [  2.87516418e-03  -1.14513403e-01   3.62418550e-02   8.41267376e-02
    9.69864768e-02   2.13365483e-01  -7.03868088e-02   1.18360394e-01
    4.91889392e-02   6.62983539e-02   4.48270539e-02  -1.84132397e-01
   -2.00939385e-02  -9.86972508e-02  -4.78801489e-02  -1.72187940e-01
    1.67704816e-01   7.33207420e-02  -4.43302297e-02  -3.47408937e-02
    5.33880899e-02   2.36556962e-01   3.53194738e-02  -9.84777015e-02
    1.36675519e-01   1.24603377e-01   7.42702897e-03  -1.33344764e-01
   -1.44432676e-01   4.98774484e-02  -1.28285446e-01  -8.84001185e-02
   -2.57137634e-01   1.88638686e-03  -2.30247615e-02   1.26566801e-02
    5.70269180e-03  -1.12656436e-02   1.61872143e-01   1.98755571e-02]
 [  8.92156688e-02   7.89999464e-02   1.14421937e-01   9.12438631e-02
   -1.20258075e-01  -7.48867197e-03  -9.77563321e-02  -4.57725773e-02
    1.10284279e-02  -1.06050680e-01  -1.67401896e-02   1.27283882e-01
    1.05557914e-01   3.32473367e-02   1.50217425e-01  -8.15809289e-02
    1.49363304e-01   2.99937288e-02   1.61885524e-02  -1.18685403e-01
    1.19498037e-03   5.35781197e-03   1.63903230e-01   8.33481381e-02
   -2.05679330e-02  -1.59239374e-01   1.83883623e-02   1.83624683e-02
   -1.68846245e-01   9.69425380e-02   7.88980220e-02  -2.64627977e-01
   -3.07064248e-02  -1.44376471e-01  -6.85350452e-03   5.34628789e-02
   -3.43078625e-02  -4.30054418e-02  -1.44488085e-01   1.22980980e-01]
 [  1.28022117e-02  -2.86502886e-02  -1.16479875e-01   7.31165314e-02
   -2.15200259e-02   1.70131588e-01  -7.20409154e-02  -8.01950899e-02
    1.36513943e-01  -8.10241310e-03  -1.05605877e-01   5.72421154e-02
    1.28278484e-01  -5.68721908e-03   7.31373687e-02  -1.55037717e-02
    2.25729928e-02   1.04137148e-01  -1.62113570e-01  -8.24089346e-02
    7.18427759e-03   2.10543365e-01   2.32005011e-01   1.88053403e-02
    1.39584461e-01  -2.16049742e-02   9.55574010e-02  -1.69316979e-01
   -1.82011284e-01   5.44462255e-02  -9.14242082e-02   1.78767401e-01
    3.49635514e-02  -1.31845516e-01   2.12271343e-02   4.16126345e-02
   -1.98785296e-01   9.55612563e-03   5.43705243e-02   1.04903349e-01]
 [  7.32654188e-03  -4.20027930e-02   1.16306300e-01  -2.16486815e-02
    2.84973146e-02   4.94391953e-02   2.25627688e-01  -2.36289217e-01
    2.15778088e-02   5.14462820e-02   5.45617183e-02  -3.91501342e-03
    1.14121164e-01  -1.25639645e-01  -7.89257638e-02   3.77272485e-02
   -3.89411654e-02  -9.89782048e-03   1.13124143e-01  -2.62996527e-02
    6.47113677e-03  -6.73820850e-02   1.27906236e-01  -9.87439076e-02
    1.37026575e-01   3.81201681e-02  -1.35465475e-01   8.08344128e-02
    1.08725493e-01  -8.19033870e-02   2.97256415e-03  -2.31229744e-02
   -7.63727990e-02  -1.02762515e-01   9.27915552e-02   1.43876836e-01
   -4.85304000e-02  -1.74569717e-01   8.31058556e-02   8.00608887e-02]]
