W_inp_res_in
[[-0.04169089  0.07688532  0.01027474 ...,  0.17533733 -0.07758204
  -0.14383128]
 [-0.25156736 -0.11646226  0.07083917 ..., -0.00345305 -0.04725858
  -0.03363022]
 [ 0.05443117 -0.00375285  0.06594244 ..., -0.09756134 -0.18975308
  -0.07241268]
 ..., 
 [ 0.14712973 -0.20166405 -0.08587531 ..., -0.09618703  0.07493235
  -0.00146743]
 [-0.08052375  0.01889549  0.08482447 ...,  0.15254015  0.16861429
   0.11685711]
 [-0.20310823  0.15141779 -0.16799219 ...,  0.07324017 -0.15998111
   0.01828694]]
W_inp_res_hid
[[-0.02474114  0.06289199 -0.04339545 ...,  0.0440023  -0.00390258
   0.26901205]
 [-0.01398785 -0.04227823 -0.06065687 ...,  0.07473522  0.00913895
   0.05870789]
 [ 0.05767722  0.07731592  0.0457546  ..., -0.0112988   0.10856402
  -0.01266067]
 ..., 
 [-0.02244309 -0.0759524   0.04445526 ...,  0.04122708 -0.02135815
   0.05437601]
 [ 0.01713594  0.11308637  0.01381373 ..., -0.01267237  0.07418027
   0.11147035]
 [-0.16202354 -0.02132782 -0.02261046 ...,  0.10110375 -0.15659841
   0.13006028]]
b_inp_res
[-0.04107129 -0.02174483 -0.02535854  0.06108753 -0.04023447  0.01824275
 -0.0191655   0.0449139  -0.00800434 -0.03011919  0.01610866 -0.00164658
 -0.01824173 -0.00577436 -0.0557519  -0.01180409  0.03384716 -0.09905265
 -0.06215222  0.03079082 -0.0418026  -0.00757727 -0.05978612 -0.03246006
 -0.02576472 -0.02394305 -0.05818649 -0.03553827  0.03302535 -0.01200013
 -0.04463329 -0.03684018 -0.01572579  0.03815986 -0.00456677  0.0082555
 -0.04915284 -0.00397261 -0.04294389  0.02102558]
W_inp_upd_in
[[ 0.03557699 -0.21028679  0.10126088 ...,  0.0822753   0.0184563
   0.12076494]
 [-0.13397154  0.10284738 -0.02027576 ...,  0.18086521 -0.04670174
  -0.14257036]
 [ 0.04062399 -0.25119175 -0.11330289 ...,  0.01307326 -0.13176303
  -0.05394301]
 ..., 
 [ 0.04000489  0.22250549 -0.12241875 ...,  0.0231013  -0.17977203
  -0.21373024]
 [-0.09671837  0.0452916  -0.07533725 ...,  0.18971076 -0.11520097
  -0.03022633]
 [-0.06064451  0.07530906 -0.01011715 ...,  0.07455917  0.21895686
   0.05996714]]
W_inp_upd_hid
[[ 0.09297594  0.03540762  0.08121588 ..., -0.03764766 -0.21141512
  -0.07746926]
 [-0.06810142 -0.03164638  0.07660984 ..., -0.28418198 -0.06125519
   0.12869411]
 [-0.16038428  0.01541392  0.07608975 ..., -0.05671857  0.22486196
  -0.00143847]
 ..., 
 [-0.05693087 -0.05113848  0.05946455 ...,  0.07190509 -0.15431852
  -0.09623682]
 [ 0.11139826 -0.01062107  0.24998765 ..., -0.14339519  0.12586342
  -0.05458034]
 [ 0.00741953 -0.03712559 -0.01024644 ...,  0.28224569 -0.05172381
  -0.08968584]]
b_inp_upd
[ 0.00696832  0.04166941 -0.00410511 -0.03666686  0.09055794 -0.08280202
 -0.0712274  -0.0378884   0.01070474 -0.05884801 -0.05040549 -0.05926648
  0.03830014 -0.0033617  -0.0068467   0.00469233 -0.01029352  0.05360498
  0.05146622 -0.07717426  0.07533437  0.00918368  0.02789762  0.05885647
  0.05072106  0.01773895  0.02671326  0.07253627  0.0009498   0.01237771
 -0.00952533  0.03099473 -0.03699408 -0.04737338 -0.03970216  0.01485668
 -0.0731231   0.03835974 -0.02331183 -0.06816637]
W_inp_hid_in
[[ 0.02019781 -0.04237373  0.32967138 ..., -0.20305319 -0.02143352
  -0.27383767]
 [-0.16997931  0.17823205 -0.33950013 ...,  0.02420786  0.03395515
   0.10431603]
 [-0.16508057 -0.21825177  0.21507047 ..., -0.01950577  0.12574686
   0.18166473]
 ..., 
 [-0.03452302  0.12126521  0.00438408 ...,  0.19055923  0.06589047
   0.10345768]
 [-0.25001871 -0.31495986  0.02834506 ...,  0.09420245  0.10367915
   0.08889688]
 [ 0.14692964 -0.11925322 -0.23930962 ..., -0.21660368 -0.10381319
  -0.02368691]]
W_inp_hid_hid
[[ 0.04456546 -0.03502515 -0.02332376 ...,  0.01122419 -0.11802747
  -0.08655224]
 [ 0.06539768 -0.07247948 -0.03765677 ...,  0.13650844  0.20465082
   0.04757137]
 [-0.09122416  0.13992788 -0.05375416 ..., -0.00738207 -0.09991065
  -0.04075655]
 ..., 
 [ 0.00903219  0.04146476  0.03773414 ...,  0.20786869  0.07812798
   0.01960947]
 [ 0.02603734  0.05347581  0.12703214 ...,  0.07209977 -0.15573741
  -0.04853555]
 [ 0.00104122  0.02560322  0.05813594 ..., -0.06943665 -0.05279842
  -0.18458134]]
b_inp_hid
[ 0.01338486  0.00692831 -0.04855036 -0.02227106  0.00891575  0.02066803
  0.06072994 -0.00286367  0.07457791  0.01422498 -0.04586184 -0.02696296
  0.06830646  0.00199399 -0.08639524  0.01522434  0.00038421  0.01440232
 -0.05941483 -0.04184915 -0.0313807   0.0102786   0.01835988  0.00484882
  0.00249678  0.01530181  0.00981392  0.02896491 -0.04910399 -0.01004526
 -0.00889026 -0.02096949 -0.05125469 -0.0095447  -0.04791958 -0.02086504
 -0.0229532  -0.02582457  0.00412194  0.01286865]
W_mem_res_in
[[-0.06272172  0.18338765 -0.00303686 ..., -0.04241251 -0.07345012
  -0.17124102]
 [-0.19338382 -0.00674256  0.05715778 ...,  0.07155536 -0.25295954
  -0.12136356]
 [-0.02090923 -0.09041555 -0.08162534 ...,  0.05890868  0.03756921
   0.15709849]
 ..., 
 [-0.21474426  0.00842523  0.2566112  ...,  0.09968337  0.00787791
  -0.03544344]
 [-0.03878171  0.0238249  -0.00400725 ...,  0.09858887 -0.02404535
  -0.15499686]
 [-0.01926667  0.05373088 -0.07504476 ...,  0.0494568   0.08512352
   0.14772438]]
W_mem_res_hid
[[ 0.16976882  0.02960987 -0.02517513 ...,  0.17259982  0.0981929
   0.18717463]
 [ 0.10277687  0.27511115 -0.01265891 ..., -0.21486788  0.23616506
  -0.10074287]
 [-0.04130297 -0.07695567  0.22274066 ...,  0.13405815  0.0330209
  -0.13909694]
 ..., 
 [ 0.28235455 -0.07414597  0.15538039 ...,  0.06623449 -0.06095171
  -0.15708787]
 [ 0.10909547  0.10934038 -0.09582546 ...,  0.09331998  0.0425712
  -0.10378777]
 [ 0.00426704 -0.32413139 -0.00900534 ...,  0.19112874 -0.04786451
  -0.10236198]]
b_mem_res
[-0.10696877  0.05761023 -0.21455539 -0.0384526  -0.09650368 -0.04852081
 -0.03689685 -0.16820364 -0.02240931 -0.14750006 -0.19520897 -0.05047053
 -0.14303101 -0.11286878 -0.14763996  0.000874   -0.05974711 -0.1738264
 -0.10927082 -0.14425118 -0.1575874  -0.20955821  0.00484206 -0.05964945
 -0.16149351 -0.11383787 -0.06733263 -0.1226037   0.13607972  0.00361959
  0.0730059  -0.12796111 -0.01602256 -0.05748055 -0.13952347 -0.19254626
 -0.03049413 -0.11396383  0.08174146 -0.15036175]
W_mem_upd_in
[[-0.21098336  0.02694697 -0.09425723 ..., -0.1003535   0.2338531
  -0.11993382]
 [ 0.03512059 -0.02164168 -0.11582136 ...,  0.25816307  0.09327452
   0.04822529]
 [-0.00876075  0.05258714 -0.06602974 ...,  0.00527564  0.10760174
  -0.00639313]
 ..., 
 [ 0.074867   -0.18405503 -0.1071696  ...,  0.26839473  0.10734039
  -0.1015403 ]
 [ 0.07885793  0.20022616  0.08752596 ..., -0.06241256 -0.07038975
   0.23599828]
 [-0.02626316 -0.14612398 -0.05708523 ...,  0.15404939 -0.0422552
  -0.15027323]]
W_mem_upd_hid
[[-0.18119633  0.16958924  0.04411773 ..., -0.1321204  -0.23614567
   0.22293905]
 [-0.06136085 -0.1473385  -0.02095408 ...,  0.11981182 -0.10050354
  -0.11642589]
 [-0.2025527  -0.00747755  0.0017288  ..., -0.10570978 -0.05506174
   0.06248961]
 ..., 
 [ 0.12535777  0.14649272  0.14959367 ...,  0.01675852  0.19808947
  -0.12961545]
 [-0.08450542  0.0741013  -0.16868949 ...,  0.15646515 -0.00457345
   0.04313628]
 [ 0.04810417 -0.10784675  0.17362221 ..., -0.25331216  0.11373634
   0.04622485]]
b_mem_upd
[-0.08148884 -0.14057896 -0.09187358 -0.09895237 -0.07964477 -0.12001655
 -0.03096519 -0.08770677 -0.09206147 -0.13468835 -0.00358816  0.02785762
  0.08913988 -0.0410173   0.04195531 -0.03139358 -0.00546815 -0.06719154
 -0.05068939 -0.08148454 -0.02981439 -0.05927271 -0.15610674  0.0005175
 -0.1010965  -0.01814538 -0.06446404 -0.0591728  -0.16479734 -0.10729811
  0.00811813  0.04679267  0.1136488  -0.09350737 -0.02973354 -0.11478915
  0.06400504 -0.10842274  0.01530068 -0.19384467]
W_mem_hid_in
[[-0.11234132 -0.12231907 -0.0756677  ..., -0.02953173 -0.26841207
  -0.00666077]
 [-0.04077246 -0.1457214   0.03483288 ...,  0.24243869 -0.08081044
  -0.05749139]
 [-0.0336388   0.08753986  0.10612742 ..., -0.08149144  0.07441252
   0.15902453]
 ..., 
 [ 0.33950744 -0.11085996  0.1031117  ...,  0.02745679  0.02157972
   0.2428937 ]
 [-0.10399314  0.09863423 -0.10498069 ..., -0.04431218 -0.10228921
  -0.05100552]
 [-0.1051371   0.22241162  0.08759416 ...,  0.04601661 -0.08266564
  -0.27343334]]
W_mem_hid_hid
[[-0.02350085  0.09447971 -0.12982838 ..., -0.03764887  0.06228018
   0.23406743]
 [ 0.11316683  0.21128645 -0.24091889 ..., -0.1039427   0.02818955
  -0.03588799]
 [-0.00253342  0.2117496   0.11694188 ...,  0.07330605  0.08785242
   0.10696287]
 ..., 
 [-0.07142938  0.01544771 -0.15231723 ..., -0.017846   -0.12268883
  -0.12015663]
 [ 0.20330971  0.07514662 -0.09322271 ..., -0.21031725  0.18550763
  -0.07185489]
 [-0.09861861 -0.09740909 -0.1924586  ...,  0.28450808  0.05864403
  -0.17263053]]
b_mem_hid
[ 0.09356827  0.15897688  0.01231618 -0.0014118   0.03985418  0.11887934
  0.0705461   0.01001057  0.01368623 -0.03504255 -0.06983151  0.07301661
 -0.03921517  0.05587312  0.01673452  0.15838782  0.0298553   0.09935054
  0.04522717 -0.06143756  0.0104562  -0.06988126  0.19324143  0.01723653
  0.02024923 -0.02174395  0.01643263  0.04326099  0.13519324  0.06239089
 -0.15955112 -0.05143233 -0.1461326  -0.10771362  0.0490268   0.07065232
 -0.10330206 -0.00736609  0.13705219  0.0473578 ]
W_b
[[ 0.09377953 -0.01051268 -0.00256476 ...,  0.09267415 -0.19623122
   0.0034062 ]
 [-0.00910794  0.01890824  0.04213644 ..., -0.01801543 -0.07224029
   0.06309139]
 [ 0.06184486 -0.05713759 -0.00215618 ..., -0.07024303 -0.05588515
  -0.07581611]
 ..., 
 [-0.16543553 -0.03217561 -0.01529139 ..., -0.00857948  0.17386997
   0.02033079]
 [ 0.00780867  0.01688405 -0.04295458 ...,  0.08075634  0.16237012
  -0.03627082]
 [-0.00621945  0.04792315 -0.15392723 ..., -0.12159896 -0.11919041
   0.02358211]]
W_1
[[ 0.03978451  0.09155298  0.16802378 ..., -0.0639032   0.12559891
   0.12985112]
 [-0.05983549 -0.00142025 -0.19699736 ...,  0.15820092  0.04558592
   0.0600546 ]
 [ 0.02180135  0.17869233 -0.09900866 ...,  0.16694029 -0.09160756
   0.09367469]
 ..., 
 [ 0.01404087  0.08473937  0.05400549 ...,  0.1830748  -0.0514126
   0.14522813]
 [ 0.14208719  0.06009966 -0.00661356 ...,  0.0233276   0.09672079
   0.18332856]
 [-0.06969297  0.0633582  -0.13140742 ...,  0.03409755 -0.06243039
  -0.0378343 ]]
W_2
[[ 0.18835394  0.16982669 -0.07821578  0.1793687  -0.21898166 -0.04048822
  -0.15516035 -0.29954068  0.16646049  0.13618761 -0.0569681  -0.14533839
   0.14421393  0.15448872 -0.16718009  0.06033255 -0.17739884 -0.17226252
   0.16098194 -0.27821837 -0.00952435  0.26937011 -0.28422701 -0.03793369
   0.07104959  0.08513245  0.13382108  0.22740725 -0.13473793 -0.28045851
  -0.06484265 -0.20723178  0.03518129  0.14283545  0.12270822  0.18336425
  -0.20020786  0.12211963 -0.117234    0.28077667]]
b_1
[ 0.05001252  0.03585891 -0.03571708  0.0270223  -0.03046387 -0.03893349
 -0.05065555 -0.05194833  0.03671869  0.02413819 -0.01208351 -0.02955913
  0.04202592  0.05940799 -0.04032252  0.01402827 -0.03866741 -0.05817263
  0.01773944 -0.04827329 -0.00816601  0.06165011 -0.04779925 -0.00473785
 -0.00112374  0.02975321  0.01248175  0.03843239 -0.03496718 -0.01866526
 -0.01290894 -0.04334908  0.00969954  0.01776933  0.01968797  0.04533617
 -0.02859148  0.02046504 -0.01701782  0.05093654]
b_2
[ 0.14377069]
W_a
[[ -6.60569276e-01  -6.07408541e-01   8.51658870e-02  -1.94760195e-01
   -4.50121632e-01  -6.07412334e-01  -6.43845822e-01  -1.87140547e-01
   -3.80180703e-01   1.06573617e-01   1.01688338e-01  -2.12089516e-01
    1.04479934e-01  -4.23633137e-01  -3.44737395e-01  -6.03620251e-01
   -4.00092538e-01  -1.06906628e-01  -3.06300017e-01   2.30005832e-01
   -2.61667643e-01  -1.58536215e-01  -8.49520124e-01   4.09704236e-01
    3.51730551e-01  -2.76102218e-01  -4.35047813e-01   1.23352822e-02
   -6.78448280e-01  -7.80622691e-01   8.50343438e-01  -8.53761059e-02
    6.98923815e-01   4.40595918e-01   1.24312084e-02  -2.28172113e-01
    4.53769675e-01   6.10842536e-01  -6.01378430e-01  -2.84610807e-01]
 [ -6.07240867e-01  -6.32295890e-01   6.25801290e-02  -1.65506185e-01
   -2.84673284e-01  -4.89943006e-01  -4.64134702e-01  -7.66424110e-02
   -5.05528793e-01  -5.04560332e-02   2.38117873e-02  -3.18249399e-01
    4.59886496e-02  -4.33880672e-01  -4.23942747e-01  -4.48942945e-01
   -3.50258818e-01  -1.41584206e-01  -3.47792039e-01   2.59503969e-01
   -3.10955675e-01  -2.32137597e-01  -7.01775186e-01   2.57087852e-01
    1.07610649e-01  -1.36515823e-01  -4.40562916e-01  -1.87136378e-01
   -8.23369433e-01  -7.44215944e-01   8.25105920e-01  -2.10226275e-01
    6.89181827e-01   7.05646778e-01   2.03469129e-01  -1.69749774e-01
    5.68753072e-01   5.08784979e-01  -7.80512120e-01  -3.14181395e-01]
 [ -6.66088911e-01  -7.06100107e-01   2.76942164e-02  -4.23744307e-01
   -2.65866793e-01  -5.94960554e-01  -6.05312918e-01  -1.64871398e-01
   -4.75229084e-01  -2.66310496e-02   1.33230090e-01  -3.90922168e-01
   -4.73064553e-03  -2.41937278e-01  -3.91226758e-01  -6.91244275e-01
   -3.91702969e-01  -3.27545200e-02  -3.60135916e-01   2.91691857e-01
   -1.92357529e-01  -3.78737817e-03  -5.96018829e-01   2.27912970e-01
    4.56233629e-01  -1.53664878e-01  -3.94896108e-01   1.49807419e-02
   -6.96107755e-01  -6.45724017e-01   6.06480991e-01  -3.18423890e-01
    5.81212196e-01   6.65304999e-01   2.80170245e-01  -1.33885952e-01
    5.32834139e-01   5.36474556e-01  -9.53426151e-01  -3.61277130e-01]
 [ -6.69578248e-01  -5.66315356e-01   1.52981352e-01  -2.02022189e-01
   -5.39323642e-01  -5.56408019e-01  -6.06965404e-01  -2.12647782e-01
   -3.51280006e-01  -3.24074502e-02  -6.27054750e-02  -3.76130878e-01
    1.03385078e-01  -2.75771107e-01  -2.00945951e-01  -4.91184742e-01
   -2.87223558e-01  -1.46501862e-01  -2.50713780e-01   3.37997173e-02
   -2.98813607e-01  -2.40924887e-01  -8.12758722e-01   2.60049383e-01
    3.77662922e-01  -1.63678427e-01  -5.69995107e-01  -1.03357851e-01
   -8.37995572e-01  -5.26227717e-01   7.80416213e-01  -2.87503353e-01
    6.23337757e-01   6.14255057e-01  -5.00677587e-02  -2.81558969e-01
    5.71806254e-01   5.48775610e-01  -7.15365804e-01  -1.61163806e-01]
 [  2.88783661e-02  -1.67943766e-01   1.03699549e-01  -3.14801715e-02
   -1.43380657e-01   9.87370642e-02   4.80721609e-02   2.08427026e-02
   -6.01090209e-02   2.91297649e-02   2.30616708e-01  -7.68656249e-02
   -5.22375041e-02  -1.51820457e-01  -9.95392020e-02  -2.89306066e-01
   -7.63319970e-03   1.16414922e-01   5.07404246e-02   1.37160622e-01
   -1.72619786e-01  -7.99851504e-02   1.01196845e-01   8.13771532e-02
    1.49464771e-01  -1.05383747e-01  -3.03416262e-03  -8.48096103e-02
    4.83225131e-02  -4.54997370e-02   2.21486128e-01   4.07330391e-02
    2.01363700e-01   2.83955034e-01   3.81689835e-02   1.87239950e-02
    7.18509908e-02   1.54953272e-01  -7.56263056e-02  -1.09339911e-01]
 [ -3.92446295e-01  -6.39874627e-01   2.51849324e-01  -2.94657229e-01
   -3.33959752e-01  -6.89677803e-01  -6.71588217e-01  -4.11636555e-02
   -4.16631699e-01   3.27213939e-02   2.29932127e-01  -3.16096637e-01
   -2.10414034e-02  -3.31073525e-01  -3.99071520e-01  -5.17616070e-01
   -4.26803007e-01  -1.35344651e-02  -4.12974048e-01   9.08829026e-02
   -2.84231927e-01  -1.28088618e-01  -7.90757337e-01   1.66398789e-01
    2.08051625e-01  -2.09087076e-01  -5.31719581e-01  -1.09616039e-01
   -6.17433067e-01  -6.45562526e-01   7.21066536e-01  -2.78182547e-01
    7.34010351e-01   5.21939325e-01   6.14410528e-02  -3.74130826e-01
    5.43911167e-01   4.67676158e-01  -7.27429209e-01  -4.70601089e-01]
 [ -4.27897579e-01  -7.32589553e-01   2.55856429e-01  -2.27744936e-01
   -2.85386973e-01  -7.80385110e-01  -4.96795266e-01  -1.83202924e-01
   -3.28426159e-01   8.17558236e-02  -3.51101400e-02  -3.83920896e-01
    3.78019421e-02  -4.18156095e-01  -3.04955335e-01  -6.09053747e-01
   -5.58400874e-01  -1.18459620e-01  -3.31188764e-01  -1.10706605e-02
   -2.76370656e-01  -4.11683503e-01  -6.95417730e-01   1.98831167e-01
    1.87188674e-01  -2.29996673e-01  -3.13642401e-01  -7.59408066e-02
   -6.56194058e-01  -5.79129854e-01   9.01665977e-01  -1.07500225e-01
    5.74671008e-01   5.15550568e-01  -5.64660361e-02  -6.89169233e-02
    4.76635823e-01   7.21393782e-01  -8.24973297e-01  -3.25452448e-01]
 [ -6.24296362e-01  -5.64645644e-01  -1.96360265e-02  -2.96142792e-01
   -3.76175989e-01  -7.44480138e-01  -4.88430607e-01  -3.23787017e-01
   -3.27499402e-01   3.93279576e-02   1.20303666e-01  -2.75928650e-01
   -2.58329333e-02  -1.20150953e-01  -3.90725700e-01  -5.58374228e-01
   -4.00560118e-01  -2.30671830e-02  -2.06432915e-01   2.96673395e-01
   -3.15364819e-01  -1.20727783e-01  -6.52836215e-01   2.14996958e-01
    4.22098059e-01  -2.65202284e-01  -4.13075988e-01   4.06681060e-02
   -6.57962701e-01  -6.07252235e-01   9.66672373e-01  -1.58213597e-01
    6.19009428e-01   4.24905533e-01  -2.31812911e-01  -2.28012872e-01
    5.04314442e-01   6.98521539e-01  -8.82867815e-01  -3.54213304e-01]
 [ -8.11666781e-02   1.56638882e-01  -5.52396019e-03  -2.71640078e-02
   -1.93454008e-01  -1.43024422e-01  -2.19115676e-01   1.06716692e-01
   -2.33379695e-01  -1.20848023e-01   4.36335164e-03  -5.22280826e-02
   -1.00903529e-02  -6.20144888e-02  -5.88032517e-02  -2.73744606e-03
   -4.26645132e-01   6.20364576e-02  -5.54493596e-02   1.14064708e-01
   -1.46582467e-01  -1.33743583e-01  -1.63091226e-01  -2.36359527e-02
    6.04160214e-02  -1.63817118e-01   6.18275717e-02  -5.91501141e-02
   -2.64072589e-02  -1.08564042e-02   1.58353148e-01  -3.02465479e-01
    1.53332278e-01   2.42447495e-01   1.36290545e-01  -2.19412685e-01
   -2.67582835e-02   4.03580376e-02  -5.69465294e-02   1.94258401e-01]
 [ -7.04618016e-01  -6.35379203e-01   2.48820082e-01  -1.71210316e-01
   -3.05874316e-01  -4.56333519e-01  -6.19603062e-01  -2.36680609e-01
   -3.36819088e-01   1.94849419e-02   1.20428224e-01  -5.48083819e-01
    5.26090821e-02  -3.98591864e-01  -3.29077170e-01  -6.41890779e-01
   -5.43809954e-01  -8.90925190e-02  -2.17724742e-01   2.79638968e-01
   -4.70553692e-01  -4.33676413e-02  -7.25039216e-01   4.38388481e-01
    3.36625189e-01  -1.84101487e-01  -4.60550540e-01   4.64941199e-02
   -7.86006250e-01  -4.40493554e-01   6.75159147e-01  -1.35276915e-01
    8.34084803e-01   4.75593627e-01   7.35935581e-02  -1.81482742e-01
    6.32724282e-01   6.13559717e-01  -6.98245213e-01  -2.37290348e-01]
 [ -5.86002292e-01  -5.35821070e-01   1.43063612e-01  -1.35680516e-01
   -4.40005856e-01  -5.56047043e-01  -6.39032649e-01  -1.53591073e-01
   -4.39043234e-01   3.44164846e-02   7.06064004e-02  -4.81237467e-01
    1.23774072e-01  -3.23913051e-01  -5.08792114e-01  -6.35432567e-01
   -3.73246106e-01  -1.58346072e-01  -4.82405345e-01   4.82200682e-02
   -1.63397467e-01  -1.13473769e-01  -6.80621415e-01   4.87085033e-01
    4.76346397e-01  -3.88768151e-02  -3.14694047e-01  -1.45080091e-01
   -7.14544799e-01  -6.29076092e-01   7.36538139e-01  -4.15006596e-01
    8.79382265e-01   5.71965307e-01  -4.25682561e-02  -1.12449380e-01
    3.26610547e-01   4.07998421e-01  -8.83232577e-01  -4.44355179e-01]
 [ -7.29140613e-01  -6.99414728e-01  -6.89720990e-02  -2.43900704e-01
   -3.09912197e-01  -6.78746731e-01  -7.05338804e-01  -4.19696259e-01
   -3.79386541e-01   3.07398799e-02   4.80262075e-02  -2.67087292e-01
   -1.05167704e-01  -4.30354219e-01  -4.78698838e-01  -4.79860986e-01
   -4.56324563e-01  -4.27637109e-02  -4.30715469e-01   2.43506964e-01
   -3.12296561e-01  -3.50264363e-01  -7.47860075e-01   2.26210343e-01
    3.83066715e-01  -1.06647551e-01  -2.76982139e-01  -1.44561352e-01
   -7.11913628e-01  -5.48620699e-01   7.07666384e-01  -2.13968847e-01
    6.61285871e-01   5.40284203e-01   2.40316889e-02  -4.92619201e-02
    5.24591741e-01   7.30189378e-01  -7.02678201e-01  -4.75785399e-01]
 [ -6.77801230e-01  -5.54531898e-01   1.43425794e-01  -1.17034227e-01
   -5.29530436e-01  -6.91272380e-01  -5.62144450e-01  -2.46268829e-01
   -1.43749407e-01   1.27949649e-01   5.36026795e-02  -3.07874713e-01
   -3.69919894e-02  -4.28897814e-01  -2.99938523e-01  -5.28823265e-01
   -4.33966891e-01  -1.45323567e-01  -3.52768179e-01   1.69038752e-01
   -2.47562967e-01  -2.60322728e-01  -7.09432241e-01   3.34575064e-01
    2.87594094e-01  -2.48002908e-01  -3.49192471e-01  -4.41646919e-02
   -7.35254545e-01  -5.74121317e-01   6.35079100e-01  -3.12251450e-01
    8.19871160e-01   6.21859056e-01  -3.35994835e-02  -1.20902593e-01
    5.95189302e-01   7.01038930e-01  -8.26937367e-01  -2.91172690e-01]
 [ -5.38211167e-01  -6.91985620e-01   1.24450485e-01  -1.83986196e-01
   -3.21844851e-01  -4.28021882e-01  -5.93422276e-01  -1.61151302e-01
   -4.38942600e-01  -1.35515840e-02   8.09279153e-02  -3.45879168e-01
   -5.84975336e-02  -3.12398184e-01  -3.80411237e-01  -5.85951072e-01
   -4.81039526e-01  -2.84840145e-02  -3.89148080e-01   1.43870682e-01
   -3.99973503e-01  -2.81606137e-01  -7.47034733e-01   1.92848845e-01
    3.15210097e-01  -2.10465318e-01  -5.79219384e-01   1.14176627e-02
   -7.04448335e-01  -6.05995856e-01   8.73911234e-01  -1.85009565e-01
    6.72530060e-01   5.17178013e-01  -1.03864017e-01  -5.05547835e-02
    6.90285758e-01   5.86287479e-01  -6.26460005e-01  -3.58842803e-01]
 [ -2.02952137e-01  -3.74445854e-02   3.69852011e-02  -4.11461711e-02
   -4.11298413e-02  -1.01610224e-01  -1.20407981e-01  -4.64309913e-02
    1.54671372e-02  -1.66576400e-02  -1.11992698e-01  -8.78698138e-02
    7.93443363e-02  -9.93906745e-02  -2.23343185e-01  -1.51671601e-01
    3.35488673e-03  -1.83234842e-01  -2.03741384e-01   4.50534161e-02
   -1.03854761e-01   4.02809822e-02  -1.27849911e-01   9.43686941e-02
   -1.36185812e-01  -6.08371579e-02  -2.19192875e-01   9.19991965e-02
    4.61878086e-02   1.01260592e-01   1.52725113e-01  -9.14598968e-02
    2.29262129e-02  -4.21596043e-02   9.07822092e-02  -8.23818423e-02
    2.39879977e-01   5.27319936e-02  -4.53561581e-02  -4.82243332e-02]
 [ -2.12441539e-01  -8.57771783e-02   2.07712802e-01  -1.75287709e-01
    9.12558959e-02   1.69901092e-02  -2.32594383e-01  -9.25859086e-02
    9.81772401e-02  -2.12852200e-02  -1.67836759e-01  -7.43035564e-02
   -7.05713436e-02   1.82431298e-01  -2.94258373e-02  -3.55200628e-02
    1.91333687e-02  -4.73131676e-02  -7.04204109e-02   4.12202720e-02
    2.54048316e-02  -1.91290125e-01   1.49635865e-02   8.84118972e-02
    1.18629497e-01  -9.24166987e-04   5.75905332e-02   4.59175120e-02
   -2.82192186e-01  -2.20826823e-01  -1.59177169e-02  -9.63365068e-02
    3.08459951e-02  -2.45582140e-02  -9.14930319e-03  -2.57363165e-01
    6.23641365e-02   1.70779591e-02  -1.95618505e-01  -2.81995886e-01]
 [ -6.23100756e-01  -8.21722550e-01   2.14812495e-01  -1.18654977e-01
   -2.83772062e-01  -4.08162335e-01  -6.93316288e-01  -1.33676333e-01
   -3.45844579e-01   1.00053651e-01   1.32883597e-01  -5.36593312e-01
   -2.47762978e-02  -4.12907333e-01  -4.01131412e-01  -7.46002391e-01
   -3.18153727e-01  -3.92630176e-02  -3.84951596e-01   2.19826795e-01
   -2.43265662e-01   8.46556857e-03  -7.41403189e-01   2.19602164e-01
    5.00415911e-01  -1.03768876e-01  -4.36071793e-01  -1.77245585e-01
   -9.34715791e-01  -5.83434055e-01   6.39913287e-01  -3.26140440e-01
    4.62438321e-01   5.67713087e-01  -1.52199019e-02  -2.16436904e-01
    5.86060688e-01   5.93737940e-01  -6.28110852e-01  -3.45498177e-01]
 [ -5.10781355e-01  -5.91622995e-01   2.76828061e-01  -1.05922052e-01
   -4.77865412e-01  -6.03214249e-01  -6.71604833e-01  -3.17609370e-01
   -3.53245459e-01  -4.39863284e-02   9.21348702e-02  -2.38854412e-01
    1.17698846e-01  -2.92038431e-01  -2.15665978e-01  -6.41746603e-01
   -2.93170691e-01  -9.36549913e-02  -3.13729514e-01   9.75869352e-02
   -2.90283355e-01  -1.92948827e-01  -5.84820750e-01   3.77794873e-01
    3.42560265e-01  -3.70587367e-01  -4.28558859e-01  -2.20960400e-02
   -9.16312267e-01  -5.18307918e-01   8.07805733e-01  -4.68964328e-01
    6.50326810e-01   3.96788162e-01   8.28337418e-03  -1.27242982e-01
    5.28277317e-01   5.25482113e-01  -8.99638269e-01  -2.29925147e-01]
 [ -1.12035829e-01  -1.30753579e-01  -5.45849113e-02   6.77210606e-03
   -1.09646831e-01   7.02621581e-02  -1.36178161e-01  -1.73086864e-01
    1.02228197e-01  -6.19245417e-02  -1.08213563e-01  -8.14646419e-02
    2.06016858e-01  -1.42255526e-01   2.73228595e-02  -1.01672614e-01
   -2.17911064e-01  -2.61602891e-02  -3.53370793e-01  -5.30883456e-03
   -3.48749482e-02   1.72355908e-01   9.01118710e-02   1.76148224e-01
    2.24406879e-01  -7.74563134e-02  -3.65011878e-02  -1.54559613e-01
   -2.99023804e-01  -3.48299713e-02   2.92493190e-02   1.61375075e-01
    1.76160597e-01  -7.67202111e-02   7.67204858e-03  -3.25609689e-02
   -8.96732086e-02   1.96449669e-01  -6.29298814e-02   7.05990283e-02]
 [ -1.10979623e-01  -1.40622318e-01   4.68597349e-02  -1.30756714e-01
   -5.20231651e-02  -5.37406215e-02   1.88303466e-01  -3.67236540e-01
   -4.70268301e-02   9.06353911e-02   1.31600336e-01  -2.15087699e-01
    1.48050168e-02  -1.94132047e-01  -1.63969354e-01  -9.18875571e-02
   -1.32776126e-01  -5.03610308e-02   1.16680721e-03   3.81267828e-03
   -9.01876626e-02  -1.09025183e-01   1.44935899e-02   2.03374024e-02
    2.86812647e-01  -8.51142184e-02  -1.78136367e-01   2.43576716e-02
    1.00852113e-02  -1.88047183e-01   1.06377285e-01  -1.44986665e-01
    2.37085433e-02   7.84959379e-03   1.01149475e-01   8.87108702e-02
    7.82200597e-02  -8.86992936e-02  -3.44988826e-02  -1.91508713e-03]]
